3.194760 0.223750 2.428092 0.100000
1.793492 0.355625 2.641206 0.100000
1.676241 0.386875 2.798349 0.100000
1.627181 0.378750 2.873155 0.100000
1.494370 0.468750 3.117915 0.100000
1.492296 0.447500 3.816699 0.100000
1.453148 0.471250 3.667695 0.100100
1.376011 0.492500 4.941497 0.100000
1.353195 0.494375 3.147583 0.136100
1.289170 0.530625 4.173797 0.107700
1.295928 0.523125 3.096022 0.248100
1.251698 0.543750 2.299483 0.289400
1.218623 0.558750 2.047106 0.306400
1.250014 0.558750 1.579462 0.454300
1.152061 0.591250 1.198025 0.566800
1.162392 0.580625 1.567824 0.466800
1.158458 0.587500 1.161820 0.578400
1.106382 0.616875 1.297176 0.525400
1.120572 0.598125 1.321463 0.531000
0.971629 0.663125 1.142571 0.603100
1.050522 0.623750 1.181074 0.580900
1.019307 0.623750 1.247484 0.574000
0.957330 0.653125 1.029199 0.640400
0.995881 0.652500 1.098374 0.618400
0.958268 0.656875 1.067501 0.617200
0.999085 0.655625 1.146240 0.598500
0.909955 0.678750 1.040540 0.634900
0.888143 0.696250 2.163106 0.379200
0.930624 0.686875 1.174058 0.592400
0.856553 0.708125 1.113308 0.612400
0.877981 0.693750 1.255412 0.570900
0.891442 0.678750 1.027573 0.638500
0.845650 0.711875 1.128081 0.625600
0.854639 0.705625 1.039667 0.642200
0.790168 0.723750 1.130225 0.620100
0.836647 0.713750 0.949933 0.665500
0.829077 0.703750 0.995813 0.655600
0.795059 0.712500 0.931996 0.674300
0.781084 0.738750 0.989771 0.654600
0.786942 0.728750 0.895053 0.692400
0.710989 0.748750 0.947316 0.676100
0.731392 0.736250 1.099823 0.628900
0.674790 0.765000 0.897558 0.695400
0.697065 0.766250 0.929550 0.685400
0.731490 0.750000 1.002114 0.672100
0.726100 0.743125 0.895861 0.693300
0.699362 0.762500 0.960865 0.671600
0.680739 0.763125 0.966389 0.672700
0.670681 0.765000 0.838867 0.712700
0.707844 0.747500 0.962315 0.677600
0.675391 0.760000 0.836741 0.710400
0.663822 0.768750 0.920573 0.688000
0.647612 0.782500 0.919683 0.692600
0.646826 0.776875 0.849696 0.704600
0.685324 0.768125 1.259057 0.581200
0.638501 0.773125 2.283952 0.216800
0.602409 0.791875 2.144171 0.263500
0.690110 0.758838 1.775384 0.407600
0.659995 0.782500 1.722954 0.449200
0.647784 0.778125 1.208680 0.591800
0.668797 0.771250 0.908031 0.694500
0.569645 0.799375 0.896070 0.691500
0.640557 0.783750 0.889383 0.694000
0.612556 0.800000 0.804776 0.724500
