3.565318 0.181250 2.488429 0.100000
2.092248 0.249375 2.627462 0.100000
2.001945 0.265625 3.191087 0.100000
1.952294 0.294375 3.040318 0.100100
1.946335 0.287500 2.608573 0.100000
1.863030 0.327500 3.410328 0.100000
1.852096 0.323125 3.639250 0.100000
1.842232 0.311875 3.510861 0.100000
1.793726 0.333750 4.718619 0.100000
1.798923 0.339375 3.106391 0.116600
1.781319 0.335000 3.052915 0.154100
1.732048 0.371875 3.110969 0.104100
1.722876 0.347500 2.146248 0.222200
1.717866 0.366250 2.038482 0.300500
1.661653 0.382500 1.748720 0.368100
1.656176 0.397500 1.636753 0.408600
1.644307 0.402500 1.780876 0.354600
1.700103 0.376250 1.592373 0.436300
1.583768 0.416875 1.449344 0.463100
1.636732 0.381875 1.514003 0.445600
1.600119 0.411875 1.467984 0.459500
1.586239 0.411250 1.631456 0.404800
1.609971 0.411875 1.425083 0.475100
1.609181 0.416250 2.118041 0.327300
1.592197 0.419823 1.681302 0.395200
1.556451 0.430000 1.420083 0.484000
1.517395 0.448750 1.760725 0.397900
1.554679 0.438125 1.445422 0.467000
1.521063 0.443125 1.465246 0.477500
1.562039 0.428125 1.394621 0.490300
1.516116 0.446250 2.343882 0.313200
1.554019 0.436869 1.736182 0.427600
1.509791 0.452500 1.475340 0.476100
1.510676 0.441875 1.477515 0.453100
1.489802 0.458750 1.442537 0.473100
1.480573 0.458750 1.287665 0.535200
1.532928 0.445625 1.551005 0.436000
1.437044 0.457500 1.347161 0.513100
1.422567 0.492500 1.791386 0.359500
1.440745 0.492500 1.596058 0.444100
1.499309 0.452500 1.723289 0.396000
1.466822 0.460625 1.554907 0.442300
1.456892 0.488750 1.721161 0.399200
1.441993 0.467500 1.368507 0.516300
1.440902 0.478750 1.472629 0.477700
1.427813 0.489375 1.268745 0.538400
1.418159 0.505000 1.435487 0.475400
1.401124 0.494375 1.455456 0.473600
1.361211 0.489375 1.627757 0.428500
1.396455 0.513750 1.557600 0.483600
1.394513 0.486875 1.525199 0.480500
1.354768 0.515783 1.828747 0.410100
1.382814 0.493125 1.384670 0.520000
1.408864 0.496875 1.418328 0.496100
1.391648 0.503750 1.588397 0.449700
1.345543 0.516875 1.708644 0.392700
1.400965 0.521875 1.311719 0.517900
1.376887 0.498750 2.521530 0.360500
1.365962 0.512500 1.258132 0.545000
1.342079 0.526875 2.059739 0.360800
1.348661 0.500625 1.242460 0.558600
1.307954 0.525625 1.322131 0.512900
1.352049 0.525625 1.205604 0.582300
1.349243 0.525000 1.778249 0.447700
